(
    [],
    DHCPMessage {
        op: 1,
        htype: 1,
        hlen: 6,
        hops: 0,
        xid: 15645,
        secs: 0,
        flags: 0,
        ciaddr: 0.0.0.0,
        yiaddr: 0.0.0.0,
        siaddr: 0.0.0.0,
        giaddr: 0.0.0.0,
        chaddr: [
            0,
            11,
            130,
            1,
            252,
            66,
            0,
            0,
            0,
            0,
            0,
            0,
            0,
            0,
            0,
            0,
        ],
        sname: [
            0,
            0,
            0,
            0,
            0,
            0,
            0,
            0,
            0,
            0,
            0,
            0,
            0,
            0,
            0,
            0,
            0,
            0,
            0,
            0,
            0,
            0,
            0,
            0,
            0,
            0,
            0,
            0,
            0,
            0,
            0,
            0,
            0,
            0,
            0,
            0,
            0,
            0,
            0,
            0,
            0,
            0,
            0,
            0,
            0,
            0,
            0,
            0,
            0,
            0,
            0,
            0,
            0,
            0,
            0,
            0,
            0,
            0,
            0,
            0,
            0,
            0,
            0,
            0,
        ],
        file: [
            0,
            0,
            0,
            0,
            0,
            0,
            0,
            0,
            0,
            0,
            0,
            0,
            0,
            0,
            0,
            0,
            0,
            0,
            0,
            0,
            0,
            0,
            0,
            0,
            0,
            0,
            0,
            0,
            0,
            0,
            0,
            0,
            0,
            0,
            0,
            0,
            0,
            0,
            0,
            0,
            0,
            0,
            0,
            0,
            0,
            0,
            0,
            0,
            0,
            0,
            0,
            0,
            0,
            0,
            0,
            0,
            0,
            0,
            0,
            0,
            0,
            0,
            0,
            0,
            0,
            0,
            0,
            0,
            0,
            0,
            0,
            0,
            0,
            0,
            0,
            0,
            0,
            0,
            0,
            0,
            0,
            0,
            0,
            0,
            0,
            0,
            0,
            0,
            0,
            0,
            0,
            0,
            0,
            0,
            0,
            0,
            0,
            0,
            0,
            0,
            0,
            0,
            0,
            0,
            0,
            0,
            0,
            0,
            0,
            0,
            0,
            0,
            0,
            0,
            0,
            0,
            0,
            0,
            0,
            0,
            0,
            0,
            0,
            0,
            0,
            0,
            0,
            0,
        ],
        magic: [
            99,
            130,
            83,
            99,
        ],
        options: [
            MessageType(
                DHCPDISCOVER,
            ),
            ClientIdentifier(
                [
                    1,
                    0,
                    11,
                    130,
                    1,
                    252,
                    66,
                ],
            ),
            RequestedIPAddress(
                0.0.0.0,
            ),
            ParameterRequestList(
                DHCPParameterRequest(
                    [
                        1,
                        3,
                        6,
                        42,
                    ],
                ),
            ),
            End,
        ],
    },
)